41.85
41.49
41.73
41.25
42.56
42.82
43.28
43.07
42.47
42.48
42.21
41.65
41.44
40.89
39.67
39.91
39.61
39.83
41.4
41.46
42.29
42.67
45.56
46.1
44.12
43.94
43.94
44.46
44.81
45.3
46.01
46.53
46.96
46.33
46.21
46.79
46.67
47.4
47.74
47.11
46.71
46.21
46.3
46.72
46.75
46.84
47.09
46.52
46.39
45.79
46.66
46.53
46.64
47.1
45.78
45.06
45.11
46.21
46.08
45.4
44.81
44.29
43.95
43.91
44.34
44.55
44.38
43.89
44.17
43.38
43.5
45.05
45.47
45.67
46.08
46.08
45.75
45.91
46.75
47
46.37
46.82
47.04
47.51
47.77
47.75
47.5
47
46.46
46.06
46.41
46.72
46.75
45.9
45.87
45.86
46.08
45.13
44.77
45.41
41.88
41.33
41.76
41.82
42.31
42.53
42.62
41.89
42.65
42.34
42.3
41.76
42.32
42.6
42.8
42.14
41.91
41.95
39.97
40.19
39.93
39.96
40.11
39.25
39.23
39.22
39.68
39.4
39.52
39.25
39.45
39.87
40.27
40.87
39.62
39.55
39.1
38.65
38.78
39
39.28
39.47
38.76
40.14
40.5
40.7
40.75
40.17
39.95
39.67
39.92
39.77
39.24
38.75
38.69
39.67
39.34
39.03
38.81
38.46
38.17
38.28
38.21
37.3
36.92
36.65
37.58
39.5
40.31
41.28
41.09
41.67
41.68
42.19
42.41
42.3
42.9
43.01
43.98
44.13
41.89
41.59
41.81
41.74
41.42
40.62
40.41
40.9
40.93
40.01
39.77
39.25
39
39.38
40.02
39.49
39.99
39.99
39.51
39.24
39.26
39.41
38.86
39.67
39.78
39.7
39.96
39.68
39.88
39.99
38.63
38.72
39.32
39.7
39.17
39.76
39.65
38.82
39.29
39.22
38.91
38.49
38.21
38.45
38.28
37.71
37.84
37.69
37.25
36.88
36.95
37.01
37.55
37.83
37.91
38.32
38.37
37.73
36.97
35.77
35.23
34.68
35.95
35.79
36.35
36.65
37.73
37.5
37.11
36.92
37.44
37.3
