61.82
61.8
61.71
60.86
61.4
61.8
60.99
60.97
60.3
60.62
61.12
60.3
60.89
60.5
59.67
60.46
60.67
62.06
63.94
63.41
63.96
63.26
63.48
64.11
63.81
64.08
64.27
63.24
63.98
64.67
64.84
64.59
64.87
63.84
62.53
62.43
62.81
62.27
62.27
62.57
61.34
61.04
60.6
60.47
59.55
59.43
59.08
62.23
62.23
61.63
61.03
60.23
59.82
59.98
59.33
58.76
58.74
59.2
58.93
58.77
58.86
59.1
59.2
59.19
59.61
59.98
59.85
58.98
58.52
57.63
57.53
58.52
58.35
58.62
58.85
58.59
58.72
58.95
59.89
60.02
59.62
59.48
59.43
59.21
59.29
59.59
58.74
58.55
57.56
57.5
57.01
57.31
57.46
57.92
59.18
58.71
58.63
58.06
58.08
57.87
56.16
55.83
55.5
54.77
55.59
55.68
55.28
55.74
55.96
56.28
56.6
56.59
56.76
56.4
56.38
54.08
54.27
54.25
53.54
53.56
52.73
52.51
52.75
52.43
52.62
52.74
53.22
53.02
52.85
52.65
52.52
52.19
51.97
51.44
50.57
50.61
51.03
49.8
49.61
49.11
48.79
48.7
48.5
49.13
49.7
50.06
50.54
50.39
49.85
50.71
50.79
50.74
50.22
50.45
50.24
49.98
49.46
48.53
45.44
45.37
44.86
45.47
45.83
45.12
45.16
44.74
46.66
47.39
48.45
48.14
47.99
47.88
47.24
46.85
46.36
46.82
47.32
48.04
48.52
47.42
47.4
47.38
46.76
46.27
45.8
46.06
46.65
47.09
47.28
47.52
47.51
47.45
46.86
47.38
47.28
47.29
46.72
45.97
45.69
45.68
45.52
45.62
45.77
45.85
45.84
46.23
46.02
47.42
46.65
46.5
46.12
46.08
46.28
46.42
46.6
47.43
46.94
47.13
48.17
48.34
49.67
48.95
48.68
48.06
47.79
48
47.28
47.11
47.12
46.79
46.84
46.98
47.78
47.86
48.1
48.35
48.32
48.14
48.32
48.11
47.79
47.92
48.24
48.49
49.53
49.21
50.01
48.24
48.55
48.11
48.74
49.36
