22.69
22.61
22.32
21.73
22.09
28.36
25.4
25.61
24.75
23.51
23.71
23.3
23.5
23.05
21.95
21.99
22.61
22.42
24
24.2
25.07
24.3
24.4
25.04
24.48
24.61
24.42
25
26.42
27.04
26
26.97
27
26.34
25.99
26.56
27.12
24.73
24.8
24.93
25.9
25.89
26.9
27.99
27.51
27.46
26.97
27.77
28.33
27.65
27.47
27.51
27.72
27.96
27.88
31.02
32.31
32.96
33.37
32.82
31.65
30.66
31.34
32.01
32.2
32.99
31.14
30.9
29.82
29
28.55
31.26
29.44
27.99
28.75
28.97
26.93
27.93
29.06
28.63
27.03
27.44
27.27
29.05
30.89
30.33
29.67
27.9
27.82
28.45
27.57
26.44
26.59
27.37
26.46
26.84
27.26
24.88
23.45
23.1
22.99
22.33
22.41
22.18
23.28
22.68
22.73
20.57
20.63
20.54
20.93
20.7
21.22
21.41
21.66
21.27
21.33
20.83
20.91
20.5
20.71
20.9
21.4
21.2
21.49
21.97
22.93
22.48
22.29
22.18
22.63
22.31
21.85
19.51
19.65
20.16
20.09
20.65
20.4
20.64
23.45
24.25
23.92
22.39
22.12
23.14
23.42
21.51
19.9
20.74
21.36
22.21
22.12
22.55
22.28
22.66
22.4
22.53
21.99
22.27
21.88
21.93
21.75
20.83
21.28
20.65
21.07
21.71
22.67
22.4
23.6
24.13
23.95
24.01
25.5
25.22
24.97
25.88
27.98
28.54
27
26.05
25.57
24.97
24.6
24.45
24.18
24.37
23.98
23.33
24.69
25.09
24.2
24.93
23.65
23.93
25.59
24.7
25.22
28.7
29.12
25.46
30.49
24.83
28.22
46.55
31.57
26.5
28
23.14
22.61
21.24
23.78
19
18.32
21.12
22.12
23.14
22.21
27.67
39.55
48.75
30.45
17.46
18.01
15.92
16.31
16.31
16.47
12.76
10.91
11.09
11.29
11.9
11.21
10.93
10.16
10.01
10.42
10.31
10.3
10.37
10.06
10.77
11.29
10.85
11.01
10.83
11.25
11.53
11.38
11.28
