370.89
365.52
366.49
358.15
362.73
362.13
360.99
363.77
351.15
355.52
353.42
349.57
354.13
351.31
347.25
364.73
368.16
374.65
376.8
381.73
386.35
381.68
389.69
396.6
390.27
390.48
393.29
382.42
385.3
394.64
395.43
403.31
409.5
412.43
407.14
416.36
413.99
407.37
414.16
413.82
411.49
408.76
411.98
414.5
413.42
418.83
424.87
414.5
414.39
410.1
418.43
409.38
409.33
406.09
392.78
389.18
389.89
387.2
384.23
389.37
389.18
388.46
388.99
389.43
392.86
395.14
396.14
392.45
392.6
385.02
393.82
408.47
410.71
416.98
414.42
421.38
422.59
429.18
431.37
426.54
427.92
429.35
426.96
429.13
427.19
429.52
428.67
420
410.45
400
406.8
410.44
408.18
405.72
410.19
403.08
408.29
405.9
399.44
388.37
400.09
395.57
392.59
393.75
392.52
395.07
402.89
398.91
402.68
399.64
401.85
406.4
415
415.6
418.61
415.58
415.42
411.9
409.96
416.07
414.18
408.06
408.36
411.58
411.26
409.05
405.2
399.53
396.7
396.93
400.66
391.96
389.86
390.34
384.01
383.24
382.01
379.99
374.43
370.49
370.87
365.52
360.05
361.85
364.67
364.74
368.5
367.06
372.69
373.18
374.11
375.59
365.36
370.46
367.27
363.07
362.06
360.07
355.66
350.07
345.81
348.64
348.34
342.4
353.91
350.01
355.43
358.58
368.16
363.69
361.67
359.51
353.29
350.31
359.62
363.25
363.36
366.08
371.89
369.12
358.46
359.77
353.79
344.18
337.09
339.6
334.58
333.64
334.97
336.19
344.24
341.49
341.82
338.32
350.88
355.8
353.44
353.87
349.5
346.84
347.88
344.14
335.72
332.56
327.03
331.1
330.26
328.26
328.01
334.87
329.18
325.91
328.7
325.1
326.89
330.59
336.15
337.82
344.21
342.73
348.67
340.5
340.96
346.43
347.44
338.83
340.69
342.29
342.85
335.53
331.97
334.22
336.8
335.09
331.98
333.01
339
336.11
335.36
332.89
332.83
334.83
337.93
342.87
347.37
350.56
361.42
362.05
357.87
357.68
359.9
363
