110.15
108.38
109.67
111.43
113.76
120.69
121.41
117.7
118.53
117.52
115.43
119.53
121.67
115.58
115.74
108.76
106.98
112.69
110.57
117.3
115.99
114.06
124.92
120.15
131.28
126.63
130.28
134.43
140.11
139.23
139.4
138.85
135.29
131.14
132.8
133.57
129.84
128.68
124.83
118.65
116.66
120.07
124.65
123.7
128.99
118.42
142.62
147.22
147.07
140.83
137.71
133.57
136.24
131.76
133.23
135.91
140.11
140.14
149.43
144.47
138.31
134.29
137.49
137.01
139.93
140.22
139.67
134.7
130.68
128.91
130.39
132
134.25
137.34
139.31
135.07
138.81
142.44
145.06
145.14
140.26
138.63
138.25
135.34
136.92
136.02
141.95
146.67
145.89
147.01
140.15
141.98
146.76
146.27
148.29
145.26
147.63
148.88
145.61
139.91
136.05
135.4
132.76
139.335
141.25
140.52
141.54
140.41
139.56
143.59
143.71
138
136.93
135.72
131.6
138.07
134.8
134.81
132.65
132.89
127.72
124.92
122.85
118.85
117
121.44
121.4
124.04
123.51
120.87
116.26
116
117.87
113.37
115.59
116.78
119.1
119.14
116.91
108.1
106.47
102.83
107.21
106.21
108
119.37
117.59
125.61
128.3
126.46
129.37
123.74
128.5
127.25
130
124.58
122.86
118.08
116.14
109.02
104.75
104.97
98.91
104.25
100.45
107.27
109.21
117.02
103.73
111.59
113.06
112.28
114.25
122.59
123.54
117.93
121.09
117.99
126.36
128.44
129.24
127.4
134.91
131.38
128.2
125.83
128.28
122.67
124.3
123.54
123.99
126.4
126.09
118.11
126.57
130.78
135.58
130.98
131.88
129.61
125.2
120.91
121.79
120.888
120.998
122.44
116.437
115
109.633
110.5
114.825
113.901
106.469
103.799
94.95
95.386
94.78
92.479
94.359
94.63
91.356
90.399
89.878
88.747
90.412
90.554
92.14
88.789
85.817
83.041
86.402
87.757
87.735
82.632
79.677
82.423
79.518
76.2
84.671
84.035
87.415
86.001
88.186
90.616
87.039
85.354
87.133
88.008
85.905
88.964
89.452
